0 0 2325
0 0 2175
0 0 2025
0 0 1950
0 0 1725
0 0 1550
0 0 1400
0 0 1350
1 0 1225
1 0 1150
0 0 1125
1 0 1050
1 0 950
1 0 850
0 0 775
1 0 750
1 0 650
1 0 550
1 25 1725
1 25 1625
1 50 2475
1 50 2425
1 50 2375
1 50 2200
2 750 2500
2 750 2450
2 750 2400
2 750 2200
2 750 1950
2 750 1700
2 750 1600
3 775 2300
3 775 2250
3 775 2075
3 775 2025
3 775 1825
3 775 1775
3 775 1525
3 775 1400
3 775 1350
2 775 1175
3 775 1150
2 775 1050
2 775 950
2 775 850
3 775 775
2 775 650
2 775 550
4 0 450
