Enemy3.png
0
13
100
2
10
2000
gun alientankgun.png 50 50 false 0.0f 0.0f
swirl
1
collision 38.28125 98.95833 0
collision 4.5312495 64.166664 0
collision 50.78125 3.5416663 0
collision 97.03125 65.208336 0
collision 65.15625 97.291664 0
collision 38.75 98.333336 0
collision 38.28125 98.95833 1
collision 4.5312495 64.166664 1
collision 50.78125 3.5416663 1
collision 97.03125 65.208336 1
collision 65.15625 97.291664 1
collision 38.75 98.333336 1
collision 38.28125 98.95833 2
collision 4.5312495 64.166664 2
collision 50.78125 3.5416663 2
collision 97.03125 65.208336 2
collision 65.15625 97.291664 2
collision 38.75 98.333336 2
collision 38.28125 98.95833 3
collision 4.5312495 64.166664 3
collision 50.78125 3.5416663 3
collision 97.03125 65.208336 3
collision 65.15625 97.291664 3
collision 38.75 98.333336 3
collision 38.28125 98.95833 4
collision 4.5312495 64.166664 4
collision 50.78125 3.5416663 4
collision 97.03125 65.208336 4
collision 65.15625 97.291664 4
collision 38.75 98.333336 4
collision 38.28125 98.95833 5
collision 4.5312495 64.166664 5
collision 50.78125 3.5416663 5
collision 97.03125 65.208336 5
collision 65.15625 97.291664 5
collision 38.75 98.333336 5
collision 38.28125 98.95833 6
collision 4.5312495 64.166664 6
collision 50.78125 3.5416663 6
collision 97.03125 65.208336 6
collision 65.15625 97.291664 6
collision 38.75 98.333336 6
collision 38.28125 98.95833 7
collision 4.5312495 64.166664 7
collision 50.78125 3.5416663 7
collision 97.03125 65.208336 7
collision 65.15625 97.291664 7
collision 38.75 98.333336 7
collision 38.28125 98.95833 8
collision 4.5312495 64.166664 8
collision 50.78125 3.5416663 8
collision 97.03125 65.208336 8
collision 65.15625 97.291664 8
collision 38.75 98.333336 8
collision 38.28125 98.95833 9
collision 4.5312495 64.166664 9
collision 50.78125 3.5416663 9
collision 97.03125 65.208336 9
collision 65.15625 97.291664 9
collision 38.75 98.333336 9
collision 38.28125 98.95833 10
collision 4.5312495 64.166664 10
collision 50.78125 3.5416663 10
collision 97.03125 65.208336 10
collision 65.15625 97.291664 10
collision 38.75 98.333336 10
collision 38.28125 98.95833 11
collision 4.5312495 64.166664 11
collision 50.78125 3.5416663 11
collision 97.03125 65.208336 11
collision 65.15625 97.291664 11
collision 38.75 98.333336 11
collision 38.28125 98.95833 12
collision 4.5312495 64.166664 12
collision 50.78125 3.5416663 12
collision 97.03125 65.208336 12
collision 65.15625 97.291664 12
collision 38.75 98.333336 12
collision 38.28125 98.95833 13
collision 4.5312495 64.166664 13
collision 50.78125 3.5416663 13
collision 97.03125 65.208336 13
collision 65.15625 97.291664 13
collision 38.75 98.333336 13
collision 38.28125 98.95833 13
collision 4.5312495 64.166664 14
collision 50.78125 3.5416663 14
collision 97.03125 65.208336 14
collision 65.15625 97.291664 14
collision 38.75 98.333336 14
