ep 50 300 3
ep 50 400 4
ep 50 200 2
ep 50 500 5
ep 50 100 1
ep 50 0 0
alientank.png
0
7
100
2
10
1000
gun alientankgun.png 70 70 true -0.009f 0.08f
path
3
collision 13.906249 86.666664 0
collision 12.968749 3.333333 0
collision 76.25 3.333333 0
collision 75.9375 87.708336 0
collision 14.375001 86.45833 0
collision 57.03125 98.95833 1
collision 4.5312495 47.5 1
collision 3.4375012 27.083334 1
collision 42.8125 2.5000005 1
collision 96.875 41.666664 1
collision 57.34375 97.91667 1
collision 13.437501 79.791664 2
collision 91.71875 80.625 2
collision 91.71875 8.333334 2
collision 12.812501 8.958334 2
collision 11.875001 79.16667 2
collision 3.2812505 61.874996 3
collision 1.5625 43.958332 3
collision 48.59375 0.83333254 3
collision 95.0 30.000002 3
collision 95.78125 47.5 3
collision 42.03125 99.375 3
collision 2.1874995 59.166664 3
collision 13.906249 4.374999 4
collision 14.531249 85.833336 4
collision 76.25 83.541664 4
collision 76.40625 5.000001 4
collision 15.468749 5.4166675 4
collision 13.906249 4.374999 5
collision 14.531249 85.833336 5
collision 76.25 83.541664 5
collision 76.40625 5.000001 5
collision 15.468749 5.4166675 5
collision 7.9687505 80.416664 6
collision 86.5625 78.958336 6
collision 86.875 9.375 6
collision 9.531251 8.958334 6
collision 7.8125 78.333336 6
collision 1.7187506 60.208332 7
collision 2.34375 43.333332 7
collision 49.375 1.2499988 7
collision 66.40625 2.0833344 7
collision 99.84375 40.0 7
collision 40.9375 98.541664 7
collision 1.0937512 60.208332 7