ep 333 398 3
ep 333 477 4
ep 373 260 2
ep 451 163 1
ep 639 67 0
cyborg.png
0
3
100
3
10
5000
gun gun1.png 50 50 false 0.0f 0.0f
path
1
collision 15.468749 84.583336 0
collision 24.687498 32.083332 0
collision 40.15625 28.541666 0
collision 48.75 19.375 0
collision 58.437504 28.125 0
collision 75.15625 29.791668 0
collision 84.375 84.375 0
collision 51.09375 98.125 0
collision 15.156251 83.541664 0
collision 15.468749 84.583336 1
collision 24.687498 32.083332 1
collision 40.15625 28.541666 1
collision 48.75 19.375 1
collision 58.437504 28.125 1
collision 75.15625 29.791668 1
collision 84.375 84.375 1
collision 51.09375 98.125 1
collision 15.156251 83.541664 1
collision 15.468749 84.583336 2
collision 24.687498 32.083332 2
collision 40.15625 28.541666 2
collision 48.75 19.375 2
collision 58.437504 28.125 2
collision 75.15625 29.791668 2
collision 84.375 84.375 2
collision 51.09375 98.125 2
collision 15.156251 83.541664 2
collision 15.468749 84.583336 3
collision 24.687498 32.083332 3
collision 40.15625 28.541666 3
collision 48.75 19.375 3
collision 58.437504 28.125 3
collision 75.15625 29.791668 3
collision 84.375 84.375 3
collision 51.09375 98.125 3
collision 15.156251 83.541664 3