missile.png
0
3
20
5
10
2000
64
toplayer
4
collision 1.8999996 62.533333 0
collision 5.1000004 0.1333332 0
collision 60.7 0.79999924 0
collision 55.5 63.333332 0
collision 2.2000008 62.133335 0
collision 1.8999996 62.533333 1
collision 5.1000004 0.1333332 1
collision 60.7 0.79999924 1
collision 55.5 63.333332 1
collision 2.2000008 62.133335 1
collision 1.8999996 62.533333 2
collision 5.1000004 0.1333332 2
collision 60.7 0.79999924 2
collision 55.5 63.333332 2
collision 2.2000008 62.133335 2
collision 1.8999996 62.533333 3
collision 5.1000004 0.1333332 3
collision 60.7 0.79999924 3
collision 55.5 63.333332 3
collision 2.2000008 62.133335 3
collision 1.8999996 62.533333 4
collision 5.1000004 0.1333332 4
collision 60.7 0.79999924 4
collision 55.5 63.333332 4
collision 2.2000008 62.133335 4
collision 1.8999996 62.533333 5
collision 5.1000004 0.1333332 5
collision 60.7 0.79999924 5
collision 55.5 63.333332 5
collision 2.2000008 62.133335 5
collision 1.8999996 62.533333 6
collision 5.1000004 0.1333332 6
collision 60.7 0.79999924 6
collision 55.5 63.333332 6
collision 2.2000008 62.133335 6
collision 1.8999996 62.533333 7
collision 5.1000004 0.1333332 7
collision 60.7 0.79999924 7
collision 55.5 63.333332 7
collision 2.2000008 62.133335 7
collision 1.8999996 62.533333 8
collision 5.1000004 0.1333332 8
collision 60.7 0.79999924 8
collision 55.5 63.333332 8
collision 2.2000008 62.133335 8
collision 1.8999996 62.533333 9
collision 5.1000004 0.1333332 9
collision 60.7 0.79999924 9
collision 55.5 63.333332 9
collision 2.2000008 62.133335 9
collision 1.8999996 62.533333 10
collision 5.1000004 0.1333332 10
collision 60.7 0.79999924 10
collision 55.5 63.333332 10
collision 2.2000008 62.133335 10
collision 1.8999996 62.533333 11
collision 5.1000004 0.1333332 11
collision 60.7 0.79999924 11
collision 55.5 63.333332 11
collision 2.2000008 62.133335 11
collision 1.8999996 62.533333 12
collision 5.1000004 0.1333332 12
collision 60.7 0.79999924 12
collision 55.5 63.333332 12
collision 2.2000008 62.133335 12
collision 1.8999996 62.533333 13
collision 5.1000004 0.1333332 13
collision 60.7 0.79999924 13
collision 55.5 63.333332 13
collision 2.2000008 62.133335 13
collision 1.8999996 62.533333 14
collision 5.1000004 0.1333332 14
collision 60.7 0.79999924 14
collision 55.5 63.333332 14
collision 2.2000008 62.133335 14
collision 1.8999996 62.533333 15
collision 5.1000004 0.1333332 15
collision 60.7 0.79999924 15
collision 55.5 63.333332 15
collision 2.2000008 62.133335 15
collision 1.8999996 62.533333 16
collision 5.1000004 0.1333332 16
collision 60.7 0.79999924 16
collision 55.5 63.333332 16
collision 2.2000008 62.133335 16
collision 1.8999996 62.533333 17
collision 5.1000004 0.1333332 17
collision 60.7 0.79999924 17
collision 55.5 63.333332 17
collision 2.2000008 62.133335 17
collision 1.8999996 62.533333 18
collision 5.1000004 0.1333332 18
collision 60.7 0.79999924 18
collision 55.5 63.333332 18
collision 2.2000008 62.133335 18
collision 1.8999996 62.533333 19
collision 5.1000004 0.1333332 19
collision 60.7 0.79999924 19
collision 55.5 63.333332 19
collision 2.2000008 62.133335 19
collision 1.8999996 62.533333 20
collision 5.1000004 0.1333332 20
collision 60.7 0.79999924 20
collision 55.5 63.333332 20
collision 2.2000008 62.133335 20
collision 1.8999996 62.533333 21
collision 5.1000004 0.1333332 21
collision 60.7 0.79999924 21
collision 55.5 63.333332 21
collision 2.2000008 62.133335 21
collision 1.8999996 62.533333 22
collision 5.1000004 0.1333332 22
collision 60.7 0.79999924 22
collision 55.5 63.333332 22
collision 2.2000008 62.133335 22
collision 1.8999996 62.533333 23
collision 5.1000004 0.1333332 23
collision 60.7 0.79999924 23
collision 55.5 63.333332 23
collision 2.2000008 62.133335 23
collision 1.8999996 62.533333 24
collision 5.1000004 0.1333332 24
collision 60.7 0.79999924 24
collision 55.5 63.333332 24
collision 2.2000008 62.133335 24
collision 1.8999996 62.533333 25
collision 5.1000004 0.1333332 25
collision 60.7 0.79999924 25
collision 55.5 63.333332 25
collision 2.2000008 62.133335 25
collision 1.8999996 62.533333 26
collision 5.1000004 0.1333332 26
collision 60.7 0.79999924 26
collision 55.5 63.333332 26
collision 2.2000008 62.133335 26
collision 1.8999996 62.533333 27
collision 5.1000004 0.1333332 27
collision 60.7 0.79999924 27
collision 55.5 63.333332 27
collision 2.2000008 62.133335 27
collision 1.8999996 62.533333 28
collision 5.1000004 0.1333332 28
collision 60.7 0.79999924 28
collision 55.5 63.333332 28
collision 2.2000008 62.133335 28
collision 1.8999996 62.533333 29
collision 5.1000004 0.1333332 29
collision 60.7 0.79999924 29
collision 55.5 63.333332 29
collision 2.2000008 62.133335 29
collision 1.8999996 62.533333 30
collision 5.1000004 0.1333332 30
collision 60.7 0.79999924 30
collision 55.5 63.333332 30
collision 2.2000008 62.133335 30
collision 1.8999996 62.533333 31
collision 5.1000004 0.1333332 31
collision 60.7 0.79999924 31
collision 55.5 63.333332 31
collision 2.2000008 62.133335 31
collision 1.8999996 62.533333 32
collision 5.1000004 0.1333332 32
collision 60.7 0.79999924 32
collision 55.5 63.333332 32
collision 2.2000008 62.133335 32
collision 1.8999996 62.533333 33
collision 5.1000004 0.1333332 33
collision 60.7 0.79999924 33
collision 55.5 63.333332 33
collision 2.2000008 62.133335 33
collision 1.8999996 62.533333 34
collision 5.1000004 0.1333332 34
collision 60.7 0.79999924 34
collision 55.5 63.333332 34
collision 2.2000008 62.133335 34
collision 1.8999996 62.533333 35
collision 5.1000004 0.1333332 35
collision 60.7 0.79999924 35
collision 55.5 63.333332 35
collision 2.2000008 62.133335 35
collision 1.8999996 62.533333 36
collision 5.1000004 0.1333332 36
collision 60.7 0.79999924 36
collision 55.5 63.333332 36
collision 2.2000008 62.133335 36
collision 1.8999996 62.533333 37
collision 5.1000004 0.1333332 37
collision 60.7 0.79999924 37
collision 55.5 63.333332 37
collision 2.2000008 62.133335 37
collision 1.8999996 62.533333 38
collision 5.1000004 0.1333332 38
collision 60.7 0.79999924 38
collision 55.5 63.333332 38
collision 2.2000008 62.133335 38
collision 1.8999996 62.533333 39
collision 5.1000004 0.1333332 39
collision 60.7 0.79999924 39
collision 55.5 63.333332 39
collision 2.2000008 62.133335 39
collision 1.8999996 62.533333 40
collision 5.1000004 0.1333332 40
collision 60.7 0.79999924 40
collision 55.5 63.333332 40
collision 2.2000008 62.133335 40