ep 1 157 0
ep 113 89 1
ep 175 471 5
ep 253 118 2
ep 284 331 4
ep 375 149 3
Spinninglaser.png
0
7
50
2
10
2000
gun gun1.png 50 50 false 0.0f 0.0f
path
2
collision 0.3124997 25.9375 0
collision 4.0625005 39.166668 0
collision 11.328125 46.25 0
collision 19.609375 49.479164 0
collision 29.921875 49.479164 0
collision 39.0625 45.416668 0
collision 47.265625 34.6875 0
collision 47.96875 18.333334 0
collision 40.234375 5.833334 0
collision 29.453125 0.9375006 0
collision 16.5625 1.5625 0
collision 5.3124995 9.583333 0
collision 0.3124997 21.458334 0
collision 0.0 24.583334 0
collision 0.3124997 25.9375 1
collision 4.0625005 39.166668 1
collision 11.328125 46.25 1
collision 19.609375 49.479164 1
collision 29.921875 49.479164 1
collision 39.0625 45.416668 1
collision 47.265625 34.6875 1
collision 47.96875 18.333334 1
collision 40.234375 5.833334 1
collision 29.453125 0.9375006 1
collision 16.5625 1.5625 1
collision 5.3124995 9.583333 1
collision 0.3124997 21.458334 1
collision 0.0 24.583334 1
collision 0.3124997 25.9375 2
collision 4.0625005 39.166668 2
collision 11.328125 46.25 2
collision 19.609375 49.479164 2
collision 29.921875 49.479164 2
collision 39.0625 45.416668 2
collision 47.265625 34.6875 2
collision 47.96875 18.333334 2
collision 40.234375 5.833334 2
collision 29.453125 0.9375006 2
collision 16.5625 1.5625 2
collision 5.3124995 9.583333 2
collision 0.3124997 21.458334 2
collision 0.0 24.583334 2
collision 0.3124997 25.9375 3
collision 4.0625005 39.166668 3
collision 11.328125 46.25 3
collision 19.609375 49.479164 3
collision 29.921875 49.479164 3
collision 39.0625 45.416668 3
collision 47.265625 34.6875 3
collision 47.96875 18.333334 3
collision 40.234375 5.833334 3
collision 29.453125 0.9375006 3
collision 16.5625 1.5625 3
collision 5.3124995 9.583333 3
collision 0.3124997 21.458334 3
collision 0.0 24.583334 3
collision 0.3124997 25.9375 4
collision 4.0625005 39.166668 4
collision 11.328125 46.25 4
collision 19.609375 49.479164 4
collision 29.921875 49.479164 4
collision 39.0625 45.416668 4
collision 47.265625 34.6875 4
collision 47.96875 18.333334 4
collision 40.234375 5.833334 4
collision 29.453125 0.9375006 4
collision 16.5625 1.5625 4
collision 5.3124995 9.583333 4
collision 0.3124997 21.458334 4
collision 0.0 24.583334 4
collision 0.3124997 25.9375 5
collision 4.0625005 39.166668 5
collision 11.328125 46.25 5
collision 19.609375 49.479164 5
collision 29.921875 49.479164 5
collision 39.0625 45.416668 5
collision 47.265625 34.6875 5
collision 47.96875 18.333334 5
collision 40.234375 5.833334 5
collision 29.453125 0.9375006 5
collision 16.5625 1.5625 5
collision 5.3124995 9.583333 5
collision 0.3124997 21.458334 5
collision 0.0 24.583334 5
collision 0.3124997 25.9375 6
collision 4.0625005 39.166668 6
collision 11.328125 46.25 6
collision 19.609375 49.479164 6
collision 29.921875 49.479164 6
collision 39.0625 45.416668 6
collision 47.265625 34.6875 6
collision 47.96875 18.333334 6
collision 40.234375 5.833334 6
collision 29.453125 0.9375006 6
collision 16.5625 1.5625 6
collision 5.3124995 9.583333 6
collision 0.3124997 21.458334 6
collision 0.0 24.583334 6
collision 0.3124997 25.9375 7
collision 4.0625005 39.166668 7
collision 11.328125 46.25 7
collision 19.609375 49.479164 7
collision 29.921875 49.479164 7
collision 39.0625 45.416668 7
collision 47.265625 34.6875 7
collision 47.96875 18.333334 7
collision 40.234375 5.833334 7
collision 29.453125 0.9375006 7
collision 16.5625 1.5625 7
collision 5.3124995 9.583333 7
collision 0.3124997 21.458334 7
collision 0.0 24.583334 7