missileheads.png
0
4
200 120
2
10
2000
gun gun1.png 50 50 false 0.0f 0.0f
swirl
1
collision 38.28125 98.95833 0
collision 4.5312495 64.166664 0
collision 50.78125 3.5416663 0
collision 97.03125 65.208336 0
collision 65.15625 97.291664 0
collision 38.75 98.333336 0
collision 38.28125 98.95833 1
collision 4.5312495 64.166664 1
collision 50.78125 3.5416663 1
collision 97.03125 65.208336 1
collision 65.15625 97.291664 1
collision 38.75 98.333336 1
collision 38.28125 98.95833 2
collision 4.5312495 64.166664 2
collision 50.78125 3.5416663 2
collision 97.03125 65.208336 2
collision 65.15625 97.291664 2
collision 38.75 98.333336 2
collision 38.28125 98.95833 3
collision 4.5312495 64.166664 3
collision 50.78125 3.5416663 3
collision 97.03125 65.208336 3
collision 65.15625 97.291664 3
collision 38.75 98.333336 3
collision 38.28125 98.95833 4
collision 4.5312495 64.166664 4
collision 50.78125 3.5416663 4
collision 97.03125 65.208336 4
collision 65.15625 97.291664 4
collision 38.75 98.333336 4
