0 0 2325
0 0 2175
0 0 2025
0 0 1950
0 0 1725
0 0 1550
0 0 1400
0 0 1350
0 0 1125
0 0 775
spawner7 0 700 250 20 rightpath
spawner7 0 650 250 20 leftpath
stop 0 1000
stop 0 5000
stop 0 9000
spawner1 0 700 1000 5 RightDown
spawner1 0 2000 1000 5 RightDown
spawner1 0 3000 1000 5 RightDown
spawner1 0 700 1000 5 LeftDown
spawner1 0 2000 1000 5 LeftDown
spawner1 0 3000 1000 5 LeftDown
3 775 2300
3 775 2250
3 775 2075
3 775 2025
3 775 1825
3 775 1775
3 775 1525
3 775 1400
3 775 1350
3 775 1150
3 775 775
