1 1045
1 980
1 375
1 775
1 420
1 640
1 500
1 605
1 635
1 645
1 660
1 875
1 870
1 725
1 675
1 605
1 210
1 1030
1 370
1 810
1 140
1 460
1 615
1 340
1 720
1 760
1 705
1 815
1 745
1 820
1 120
1 1060
1 965
1 730
1 700
1 855
1 655
1 680
1 715
1 620
1 875
1 100
1 765
1 720
1 585
1 160
2 750
2 565
2 420
2 875
2 960
2 670
2 820
1 340
2 610
2 260
2 365
2 315
2 550
2 785
1 800
1 380
2 840
2 625
2 560
2 200
2 200
2 250
2 355
2 335
2 185
2 530
2 400
