tree2.png -1.0 0.0 200 200 100 100 false
tree2.png -0.921875 2.6041665 200 200 100 100 false
tree2.png -0.921875 5.9375 200 200 100 100 false
tree2.png -0.921875 10.208333 200 200 100 100 false
tree2.png -0.84375 1.4583333 200 200 100 100 false
tree2.png -0.84375 2.1875 200 200 100 100 false
tree2.png -0.84375 4.895833 200 200 100 100 false
tree2.png -0.84375 7.5 200 200 100 100 false
tree2.png -0.84375 9.270833 200 200 100 100 false
tree2.png -0.765625 0.625 200 200 100 100 false
tree2.png -0.765625 3.6458333 200 200 100 100 false
tree2.png -0.765625 6.770833 200 200 100 100 false
tree2.png -0.765625 8.4375 200 200 100 100 false
tree2.png -0.6875 3.0208333 200 200 100 100 false
tree2.png -0.6875 9.0625 200 200 100 100 false
tree2.png -0.6875 9.895833 200 200 100 100 false
tree2.png -0.609375 0.7291666 200 200 100 100 false
tree2.png -0.609375 3.8541665 200 200 100 100 false
tree2.png -0.609375 3.9583333 200 200 100 100 false
tree2.png -0.609375 5.7291665 200 200 100 100 false
tree2.png -0.609375 7.5 200 200 100 100 false
tree2.png -0.609375 8.541666 200 200 100 100 false
tree2.png -0.53125 1.4583333 200 200 100 100 false
tree2.png -0.21875 9.270833 200 200 100 100 false
tree2.png -0.0625 2.5 200 200 100 100 false
tree2.png -0.0625 3.75 200 200 100 100 false
tree2.png -0.0625 10.0 200 200 100 100 false
tree2.png 0.015625 0.41666666 200 200 100 100 false
tree2.png 0.015625 1.7708333 200 200 100 100 false
tree2.png 0.015625 5.4166665 200 200 100 100 false
tree2.png 0.015625 7.395833 200 200 100 100 false
tree2.png 0.015625 7.708333 200 200 100 100 false
tree2.png 0.09375 1.1458333 200 200 100 100 false
tree2.png 0.09375 4.6875 200 200 100 100 false
tree2.png 0.09375 6.25 200 200 100 100 false
tree2.png 0.09375 7.395833 200 200 100 100 false
tree2.png 0.09375 8.4375 200 200 100 100 false
tree2.png 0.171875 0.625 200 200 100 100 false
tree2.png 0.171875 4.1666665 200 200 100 100 false
tree2.png 0.25 1.4583333 200 200 100 100 false
tree2.png 0.25 2.1875 200 200 100 100 false
tree2.png 0.25 3.125 200 200 100 100 false
tree2.png 0.25 6.6666665 200 200 100 100 false
tree2.png 0.25 7.6041665 200 200 100 100 false
tree2.png 0.328125 1.0416666 200 200 100 100 false
tree2.png 0.328125 9.375 200 200 100 100 false
tree2.png 0.40625 0.41666666 200 200 100 100 false
tree2.png 0.40625 2.0833333 200 200 100 100 false
tree2.png 0.40625 2.5 200 200 100 100 false
tree2.png 0.40625 3.6458333 200 200 100 100 false
tree2.png 0.40625 5.1041665 200 200 100 100 false
tree2.png 0.40625 7.083333 200 200 100 100 false
tree2.png 0.484375 0.7291666 200 200 100 100 false
tree2.png 0.484375 9.0625 200 200 100 100 false
tree2.png 0.5625 1.1458333 200 200 100 100 false
tree2.png 0.5625 1.6666666 200 200 100 100 false
tree2.png 0.5625 3.3333333 200 200 100 100 false
tree2.png 0.5625 4.583333 200 200 100 100 false
tree2.png 0.5625 5.9375 200 200 100 100 false
tree2.png 0.640625 0.5208333 200 200 100 100 false
tree2.png 0.640625 0.9375 200 200 100 100 false
tree2.png 0.640625 4.1666665 200 200 100 100 false
tree2.png 0.640625 5.520833 200 200 100 100 false
tree2.png 0.640625 6.6666665 200 200 100 100 false
tree2.png 0.640625 9.791666 200 200 100 100 false
tree2.png 0.71875 0.7291666 200 200 100 100 false
tree2.png 0.71875 8.333333 200 200 100 100 false
tree2.png 0.796875 1.25 200 200 100 100 false
tree2.png 0.796875 1.7708333 200 200 100 100 false
tree2.png 0.796875 3.2291665 200 200 100 100 false
tree2.png 0.875 7.1875 200 200 100 100 false
tree2.png 0.875 7.2916665 200 200 100 100 false
tree2.png 0.875 9.375 200 200 100 100 false
tree2.png 0.875 9.895833 200 200 100 100 false
tree2.png 0.953125 0.8333333 200 200 100 100 false
tree2.png 0.953125 2.2916665 200 200 100 100 false
tree2.png 0.953125 4.0625 200 200 100 100 false
tree2.png 0.953125 5.1041665 200 200 100 100 false
tree2.png 0.953125 8.75 200 200 100 100 false
tree2.png 0.953125 9.375 200 200 100 100 false
tree2.png 1.03125 0.41666666 200 200 100 100 false
tree2.png 1.03125 0.625 200 200 100 100 false
tree2.png 1.03125 2.8125 200 200 100 100 false
tree2.png 1.03125 5.833333 200 200 100 100 false
tree2.png 1.03125 6.3541665 200 200 100 100 false
tree2.png 1.109375 0.9375 200 200 100 100 false
tree2.png 1.109375 1.7708333 200 200 100 100 false
tree2.png 1.109375 7.8125 200 200 100 100 false
tree2.png 1.265625 0.41666666 200 200 100 100 false
tree2.png 1.265625 1.0416666 200 200 100 100 false
tree2.png 1.34375 1.3541666 200 200 100 100 false